coord_list: [(412, 1432), (2032, 1452), (3452, 1432), (672, 1348), (2008, 1340), (3320, 1344), (824, 1280), (1996, 1276), (3148, 1272), (976, 1200), (2020, 1228), (3020, 1264), (1036, 1180), (2012, 1192), (2908, 1184), (1112, 1140), (1988, 1144), (2824, 1144), (1244, 1088), (1996, 1104), (2740, 1124)]

first_row: [(412, 1432), (2032, 1452), (3452, 1432)]

diff_first_row: [1620, 1420]

second_row: [(672, 1348), (2008, 1340), (3320, 1344)]

diff_second_row: [1336, 1312]

third_row: [(824, 1280), (1996, 1276), (3148, 1272)]

diff_third_row: [1172, 1152]

fourth_row: [(976, 1200), (2020, 1228), (3020, 1264)]

diff_fourth_row: [1044, 1000]

fifth_row: [(1036, 1180), (2012, 1192), (2908, 1184)]

diff_fifth_row: [976, 896]

sixth_row: [(1112, 1140), (1988, 1144), (2824, 1144)]

diff_sixth_row: [876, 836]

seventh_row: [(1244, 1088), (1996, 1104), (2740, 1124)]

diff_seventh_row: [752, 744]

first_col: [(412, 1432), (672, 1348), (824, 1280), (976, 1200), (1036, 1180), (1112, 1140), (1244, 1088)]

diff_first_col: [273.23250172700904, 166.5172663719892, 171.7672844286711, 63.245553203367585, 85.88364221433555, 141.8731828077456]

second_col: [(2032, 1452), (2008, 1340), (1996, 1276), (2020, 1228), (2012, 1192), (1988, 1144), (1996, 1104)]

diff_second_col: [114.54256850621083, 65.11528238439882, 53.665631459994955, 36.87817782917155, 53.665631459994955, 40.792156108742276]

third_col: [(3452, 1432), (3320, 1344), (3148, 1272), (3020, 1264), (2908, 1184), (2824, 1144), (2740, 1124)]

diff_third_col: [158.64425612041552, 186.46179233290664, 128.2497563350512, 137.63720427268203, 93.03762679690406, 86.34813257969161]

