coord_list: [(232, 1444), (1848, 1468), (3288, 1464), (552, 1356), (1892, 1344), (3212, 1348), (720, 1284), (1892, 1280), (3036, 1280), (856, 1212), (1896, 1236), (2888, 1284), (936, 1188), (1904, 1192), (2800, 1188), (1004, 1144), (1880, 1148), (2704, 1144), (1140, 1104), (1908, 1112), (2640, 1136)]

first_row: [(232, 1444), (1848, 1468), (3288, 1464)]

diff_first_row: [1616, 1440]

second_row: [(552, 1356), (1892, 1344), (3212, 1348)]

diff_second_row: [1340, 1320]

third_row: [(720, 1284), (1892, 1280), (3036, 1280)]

diff_third_row: [1172, 1144]

fourth_row: [(856, 1212), (1896, 1236), (2888, 1284)]

diff_fourth_row: [1040, 992]

fifth_row: [(936, 1188), (1904, 1192), (2800, 1188)]

diff_fifth_row: [968, 896]

sixth_row: [(1004, 1144), (1880, 1148), (2704, 1144)]

diff_sixth_row: [876, 824]

seventh_row: [(1140, 1104), (1908, 1112), (2640, 1136)]

diff_seventh_row: [768, 732]

first_col: [(232, 1444), (552, 1356), (720, 1284), (856, 1212), (936, 1188), (1004, 1144), (1140, 1104)]

diff_first_col: [331.87949620306466, 182.7785545407338, 153.88307249337075, 83.5224520712844, 80.99382692526635, 141.7603611733548]

second_col: [(1848, 1468), (1892, 1344), (1892, 1280), (1896, 1236), (1904, 1192), (1880, 1148), (1908, 1112)]

diff_second_col: [131.5750736271882, 64.0, 44.181444068749045, 44.721359549995796, 50.11985634456667, 45.60701700396552]

third_col: [(3288, 1464), (3212, 1348), (3036, 1280), (2888, 1284), (2800, 1188), (2704, 1144), (2640, 1136)]

diff_third_col: [138.67948658687772, 188.67962264113208, 148.05404418657398, 130.23056476879765, 105.60303025955268, 64.4980619863884]

