coord_list: [(728, 1708), (2316, 1704), (3940, 1672), (904, 1624), (2308, 1608), (3696, 1612), (1072, 1544), (2300, 1544), (3508, 1536), (1208, 1500), (2260, 1500), (3352, 1472), (1292, 1452), (2264, 1444), (3252, 1440), (1364, 1400), (2256, 1400), (3136, 1396), (1424, 1380), (2248, 1380), (3044, 1372)]

first_row: [(728, 1708), (2316, 1704), (3940, 1672)]

diff_first_row: [1588, 1624]

second_row: [(904, 1624), (2308, 1608), (3696, 1612)]

diff_second_row: [1404, 1388]

third_row: [(1072, 1544), (2300, 1544), (3508, 1536)]

diff_third_row: [1228, 1208]

fourth_row: [(1208, 1500), (2260, 1500), (3352, 1472)]

diff_fourth_row: [1052, 1092]

fifth_row: [(1292, 1452), (2264, 1444), (3252, 1440)]

diff_fifth_row: [972, 988]

sixth_row: [(1364, 1400), (2256, 1400), (3136, 1396)]

diff_sixth_row: [892, 880]

seventh_row: [(1424, 1380), (2248, 1380), (3044, 1372)]

diff_seventh_row: [824, 796]

first_col: [(728, 1708), (904, 1624), (1072, 1544), (1208, 1500), (1292, 1452), (1364, 1400), (1424, 1380)]

diff_first_col: [195.0179478919825, 186.07525359380813, 142.9405470816451, 96.74709297958259, 88.81441324469807, 63.245553203367585]

second_col: [(2316, 1704), (2308, 1608), (2300, 1544), (2260, 1500), (2264, 1444), (2256, 1400), (2248, 1380)]

diff_second_col: [96.33275663033837, 64.4980619863884, 59.464274989274024, 56.142675390472796, 44.721359549995796, 21.540659228538015]

third_col: [(3940, 1672), (3696, 1612), (3508, 1536), (3352, 1472), (3252, 1440), (3136, 1396), (3044, 1372)]

diff_third_col: [251.26878039263056, 202.78066969018522, 168.61791126686393, 104.9952379872535, 124.06449935416659, 95.0789145920377]

