coord_list: [(620, 1696), (2200, 1704), (3840, 1676), (836, 1616), (2228, 1604), (3592, 1608), (1000, 1548), (2212, 1548), (3420, 1532), (1136, 1496), (2192, 1496), (3292, 1476), (1220, 1444), (2216, 1448), (3156, 1440), (1292, 1404), (2200, 1400), (3076, 1396), (1396, 1388), (2200, 1368), (3004, 1376)]

first_row: [(620, 1696), (2200, 1704), (3840, 1676)]

diff_first_row: [1580, 1640]

second_row: [(836, 1616), (2228, 1604), (3592, 1608)]

diff_second_row: [1392, 1364]

third_row: [(1000, 1548), (2212, 1548), (3420, 1532)]

diff_third_row: [1212, 1208]

fourth_row: [(1136, 1496), (2192, 1496), (3292, 1476)]

diff_fourth_row: [1056, 1100]

fifth_row: [(1220, 1444), (2216, 1448), (3156, 1440)]

diff_fifth_row: [996, 940]

sixth_row: [(1292, 1404), (2200, 1400), (3076, 1396)]

diff_sixth_row: [908, 876]

seventh_row: [(1396, 1388), (2200, 1368), (3004, 1376)]

diff_seventh_row: [804, 804]

first_col: [(620, 1696), (836, 1616), (1000, 1548), (1136, 1496), (1220, 1444), (1292, 1404), (1396, 1388)]

diff_first_col: [230.3388807822075, 177.53872816937718, 145.60219778561037, 98.79271228182775, 82.365041127896, 105.22357150372724]

second_col: [(2200, 1704), (2228, 1604), (2212, 1548), (2192, 1496), (2216, 1448), (2200, 1400), (2200, 1368)]

diff_second_col: [103.84603988597736, 58.240879114244144, 55.71355310873648, 53.665631459994955, 50.59644256269407, 32.0]

third_col: [(3840, 1676), (3592, 1608), (3420, 1532), (3292, 1476), (3156, 1440), (3076, 1396), (3004, 1376)]

diff_third_col: [257.1536505671269, 188.04254837669055, 139.71399357258383, 140.6840431605518, 91.30169768410661, 74.72616676907762]

