coord_list: [(624, 1708), (2208, 1720), (3844, 1688), (820, 1628), (2220, 1608), (3604, 1628), (976, 1556), (2204, 1552), (3428, 1552), (1136, 1504), (2192, 1500), (3288, 1488), (1212, 1456), (2208, 1456), (3168, 1452), (1284, 1412), (2188, 1408), (3080, 1408), (1384, 1376), (2192, 1376), (3004, 1384)]

first_row: [(624, 1708), (2208, 1720), (3844, 1688)]

diff_first_row: [1584, 1636]

second_row: [(820, 1628), (2220, 1608), (3604, 1628)]

diff_second_row: [1400, 1384]

third_row: [(976, 1556), (2204, 1552), (3428, 1552)]

diff_third_row: [1228, 1224]

fourth_row: [(1136, 1504), (2192, 1500), (3288, 1488)]

diff_fourth_row: [1056, 1096]

fifth_row: [(1212, 1456), (2208, 1456), (3168, 1452)]

diff_fifth_row: [996, 960]

sixth_row: [(1284, 1412), (2188, 1408), (3080, 1408)]

diff_sixth_row: [904, 892]

seventh_row: [(1384, 1376), (2192, 1376), (3004, 1384)]

diff_seventh_row: [808, 812]

first_col: [(624, 1708), (820, 1628), (976, 1556), (1136, 1504), (1212, 1456), (1284, 1412), (1384, 1376)]

diff_first_col: [211.69789795838787, 171.81385275931623, 168.23792675850473, 89.88882021697692, 84.38009243891595, 106.28264204469139]

second_col: [(2208, 1720), (2220, 1608), (2204, 1552), (2192, 1500), (2208, 1456), (2188, 1408), (2192, 1376)]

diff_second_col: [112.64102272262978, 58.240879114244144, 53.36665625650534, 46.8187996428785, 52.0, 32.2490309931942]

third_col: [(3844, 1688), (3604, 1628), (3428, 1552), (3288, 1488), (3168, 1452), (3080, 1408), (3004, 1384)]

diff_third_col: [247.38633753705963, 191.70811146114815, 153.93505123915085, 125.2836781069266, 98.38699100999075, 79.6994353806851]

