coord_list: [(488, 1548), (2116, 1600), (3760, 1604), (620, 1484), (2052, 1488), (3436, 1476), (800, 1416), (2056, 1412), (3272, 1420), (904, 1340), (2072, 1360), (3104, 1376), (1012, 1308), (2048, 1324), (3012, 1320), (1088, 1276), (2032, 1292), (2880, 1276), (1116, 1224), (2008, 1236), (2740, 1244)]

first_row: [(488, 1548), (2116, 1600), (3760, 1604)]

diff_first_row: [1628, 1644]

second_row: [(620, 1484), (2052, 1488), (3436, 1476)]

diff_second_row: [1432, 1384]

third_row: [(800, 1416), (2056, 1412), (3272, 1420)]

diff_third_row: [1256, 1216]

fourth_row: [(904, 1340), (2072, 1360), (3104, 1376)]

diff_fourth_row: [1168, 1032]

fifth_row: [(1012, 1308), (2048, 1324), (3012, 1320)]

diff_fifth_row: [1036, 964]

sixth_row: [(1088, 1276), (2032, 1292), (2880, 1276)]

diff_sixth_row: [944, 848]

seventh_row: [(1116, 1224), (2008, 1236), (2740, 1244)]

diff_seventh_row: [892, 732]

first_col: [(488, 1548), (620, 1484), (800, 1416), (904, 1340), (1012, 1308), (1088, 1276), (1116, 1224)]

diff_first_col: [146.696966567138, 192.4162155328911, 128.80993750483694, 112.64102272262978, 82.46211251235322, 59.0592922409336]

second_col: [(2116, 1600), (2052, 1488), (2056, 1412), (2072, 1360), (2048, 1324), (2032, 1292), (2008, 1236)]

diff_second_col: [128.9961239727768, 76.10519036176179, 54.405882034941776, 43.266615305567875, 35.77708763999664, 60.92618484691127]

third_col: [(3760, 1604), (3436, 1476), (3272, 1420), (3104, 1376), (3012, 1320), (2880, 1276), (2740, 1244)]

diff_third_col: [348.36762191684807, 173.29743217947575, 173.6663467687393, 107.70329614269008, 139.1402170474087, 143.61058456812992]

