coord_list: [(420, 1584), (2044, 1644), (3716, 1648), (580, 1548), (2024, 1540), (3408, 1540), (752, 1472), (2008, 1476), (3268, 1472), (876, 1388), (2024, 1408), (3080, 1416), (968, 1364), (2016, 1372), (2984, 1372), (1048, 1328), (1992, 1352), (2876, 1332), (1096, 1268), (1984, 1292), (2732, 1300)]

first_row: [(420, 1584), (2044, 1644), (3716, 1648)]

diff_first_row: [1624, 1672]

second_row: [(580, 1548), (2024, 1540), (3408, 1540)]

diff_second_row: [1444, 1384]

third_row: [(752, 1472), (2008, 1476), (3268, 1472)]

diff_third_row: [1256, 1260]

fourth_row: [(876, 1388), (2024, 1408), (3080, 1416)]

diff_fourth_row: [1148, 1056]

fifth_row: [(968, 1364), (2016, 1372), (2984, 1372)]

diff_fifth_row: [1048, 968]

sixth_row: [(1048, 1328), (1992, 1352), (2876, 1332)]

diff_sixth_row: [944, 884]

seventh_row: [(1096, 1268), (1984, 1292), (2732, 1300)]

diff_seventh_row: [888, 748]

first_col: [(420, 1584), (580, 1548), (752, 1472), (876, 1388), (968, 1364), (1048, 1328), (1096, 1268)]

diff_first_col: [164.0, 188.04254837669055, 149.77316181479245, 95.0789145920377, 87.72684879784524, 76.83749084919418]

second_col: [(2044, 1644), (2024, 1540), (2008, 1476), (2024, 1408), (2016, 1372), (1992, 1352), (1984, 1292)]

diff_second_col: [105.90561835898981, 65.96969000988257, 69.85699678629192, 36.87817782917155, 31.240998703626616, 60.530983801686226]

third_col: [(3716, 1648), (3408, 1540), (3268, 1472), (3080, 1416), (2984, 1372), (2876, 1332), (2732, 1300)]

diff_third_col: [326.38627422120555, 155.64061166674975, 196.16319736382766, 105.60303025955268, 115.16944039110375, 147.5127113166862]

