coord_list: [(744, 1576), (2212, 1572), (3628, 1540), (856, 1512), (2168, 1512), (3524, 1488), (1008, 1452), (2164, 1440), (3320, 1412), (1088, 1392), (2168, 1372), (3120, 1340), (1228, 1352), (2164, 1324), (3076, 1308), (1284, 1312), (2152, 1288), (3036, 1276), (1348, 1284), (2140, 1260), (2924, 1232)]

first_row: [(744, 1576), (2212, 1572), (3628, 1540)]

diff_first_row: [1468, 1416]

second_row: [(856, 1512), (2168, 1512), (3524, 1488)]

diff_second_row: [1312, 1356]

third_row: [(1008, 1452), (2164, 1440), (3320, 1412)]

diff_third_row: [1156, 1156]

fourth_row: [(1088, 1392), (2168, 1372), (3120, 1340)]

diff_fourth_row: [1080, 952]

fifth_row: [(1228, 1352), (2164, 1324), (3076, 1308)]

diff_fifth_row: [936, 912]

sixth_row: [(1284, 1312), (2152, 1288), (3036, 1276)]

diff_sixth_row: [868, 884]

seventh_row: [(1348, 1284), (2140, 1260), (2924, 1232)]

diff_seventh_row: [792, 784]

first_col: [(744, 1576), (856, 1512), (1008, 1452), (1088, 1392), (1228, 1352), (1284, 1312), (1348, 1284)]

diff_first_col: [128.9961239727768, 163.41358572652396, 100.0, 145.60219778561037, 68.81860213634101, 69.85699678629192]

second_col: [(2212, 1572), (2168, 1512), (2164, 1440), (2168, 1372), (2164, 1324), (2152, 1288), (2140, 1260)]

diff_second_col: [74.4043009509531, 72.11102550927978, 68.11754546370561, 48.16637831516918, 37.94733192202055, 30.463092423455635]

third_col: [(3628, 1540), (3524, 1488), (3320, 1412), (3120, 1340), (3076, 1308), (3036, 1276), (2924, 1232)]

diff_third_col: [116.27553482998907, 217.69703718700444, 212.56528408938277, 54.405882034941776, 51.22499389946279, 120.33287165193059]

