coord_list: [(320, 1816), (1904, 1828), (3536, 1788), (656, 1700), (1948, 1700), (3272, 1668), (808, 1636), (1952, 1612), (3092, 1588), (884, 1588), (1952, 1552), (2988, 1524), (1032, 1524), (1948, 1504), (2872, 1492), (1092, 1492), (1940, 1468), (2796, 1452), (1208, 1428), (1960, 1424), (2756, 1400)]

first_row: [(320, 1816), (1904, 1828), (3536, 1788)]

diff_first_row: [1584, 1632]

second_row: [(656, 1700), (1948, 1700), (3272, 1668)]

diff_second_row: [1292, 1324]

third_row: [(808, 1636), (1952, 1612), (3092, 1588)]

diff_third_row: [1144, 1140]

fourth_row: [(884, 1588), (1952, 1552), (2988, 1524)]

diff_fourth_row: [1068, 1036]

fifth_row: [(1032, 1524), (1948, 1504), (2872, 1492)]

diff_fifth_row: [916, 924]

sixth_row: [(1092, 1492), (1940, 1468), (2796, 1452)]

diff_sixth_row: [848, 856]

seventh_row: [(1208, 1428), (1960, 1424), (2756, 1400)]

diff_seventh_row: [752, 796]

first_col: [(320, 1816), (656, 1700), (808, 1636), (884, 1588), (1032, 1524), (1092, 1492), (1208, 1428)]

diff_first_col: [355.4602650086223, 164.92422502470643, 89.88882021697692, 161.24515496597098, 68.0, 132.48396129343357]

second_col: [(1904, 1828), (1948, 1700), (1952, 1612), (1952, 1552), (1948, 1504), (1940, 1468), (1960, 1424)]

diff_second_col: [135.35139452550905, 88.09086218218096, 60.0, 48.16637831516918, 36.87817782917155, 48.33218389437829]

third_col: [(3536, 1788), (3272, 1668), (3092, 1588), (2988, 1524), (2872, 1492), (2796, 1452), (2756, 1400)]

diff_third_col: [289.99310336626974, 196.9771560359221, 122.11470017978998, 120.33287165193059, 85.88364221433555, 65.60487786742691]

