coord_list: [(552, 1836), (2132, 1856), (3768, 1812), (800, 1744), (2116, 1748), (3480, 1716), (956, 1672), (2112, 1652), (3280, 1628), (1060, 1620), (2124, 1580), (3164, 1548), (1176, 1560), (2120, 1540), (3048, 1520), (1244, 1524), (2112, 1500), (2992, 1492), (1352, 1468), (2108, 1444), (2896, 1432)]

first_row: [(552, 1836), (2132, 1856), (3768, 1812)]

diff_first_row: [1580, 1636]

second_row: [(800, 1744), (2116, 1748), (3480, 1716)]

diff_second_row: [1316, 1364]

third_row: [(956, 1672), (2112, 1652), (3280, 1628)]

diff_third_row: [1156, 1168]

fourth_row: [(1060, 1620), (2124, 1580), (3164, 1548)]

diff_fourth_row: [1064, 1040]

fifth_row: [(1176, 1560), (2120, 1540), (3048, 1520)]

diff_fifth_row: [944, 928]

sixth_row: [(1244, 1524), (2112, 1500), (2992, 1492)]

diff_sixth_row: [868, 880]

seventh_row: [(1352, 1468), (2108, 1444), (2896, 1432)]

diff_seventh_row: [756, 788]

first_col: [(552, 1836), (800, 1744), (956, 1672), (1060, 1620), (1176, 1560), (1244, 1524), (1352, 1468)]

diff_first_col: [264.51464987784703, 171.81385275931623, 116.27553482998907, 130.59862173851607, 76.94153624668537, 121.6552506059644]

second_col: [(2132, 1856), (2116, 1748), (2112, 1652), (2124, 1580), (2120, 1540), (2112, 1500), (2108, 1444)]

diff_second_col: [109.17875251164945, 96.08329719571451, 72.99315036357864, 40.19950248448356, 40.792156108742276, 56.142675390472796]

third_col: [(3768, 1812), (3480, 1716), (3280, 1628), (3164, 1548), (3048, 1520), (2992, 1492), (2896, 1432)]

diff_third_col: [303.5786553761644, 218.5040045399626, 140.91131963046828, 119.33147112141039, 62.609903369994115, 113.20777358467925]

