coord_list: [(488, 1848), (2072, 1848), (3704, 1820), (764, 1732), (2080, 1728), (3444, 1708), (920, 1664), (2072, 1648), (3248, 1624), (1020, 1620), (2084, 1588), (3132, 1564), (1140, 1560), (2076, 1540), (3012, 1520), (1200, 1528), (2076, 1504), (2948, 1492), (1324, 1464), (2080, 1452), (2868, 1440)]

first_row: [(488, 1848), (2072, 1848), (3704, 1820)]

diff_first_row: [1584, 1632]

second_row: [(764, 1732), (2080, 1728), (3444, 1708)]

diff_second_row: [1316, 1364]

third_row: [(920, 1664), (2072, 1648), (3248, 1624)]

diff_third_row: [1152, 1176]

fourth_row: [(1020, 1620), (2084, 1588), (3132, 1564)]

diff_fourth_row: [1064, 1048]

fifth_row: [(1140, 1560), (2076, 1540), (3012, 1520)]

diff_fifth_row: [936, 936]

sixth_row: [(1200, 1528), (2076, 1504), (2948, 1492)]

diff_sixth_row: [876, 872]

seventh_row: [(1324, 1464), (2080, 1452), (2868, 1440)]

diff_seventh_row: [756, 788]

first_col: [(488, 1848), (764, 1732), (920, 1664), (1020, 1620), (1140, 1560), (1200, 1528), (1324, 1464)]

diff_first_col: [299.38603841862766, 170.1763790894612, 109.2520022699813, 134.16407864998737, 68.0, 139.54210834009928]

second_col: [(2072, 1848), (2080, 1728), (2072, 1648), (2084, 1588), (2076, 1540), (2076, 1504), (2080, 1452)]

diff_second_col: [120.26637102698326, 80.39900496896712, 61.18823416311342, 48.662100242385755, 36.0, 52.15361924162119]

third_col: [(3704, 1820), (3444, 1708), (3248, 1624), (3132, 1564), (3012, 1520), (2948, 1492), (2868, 1440)]

diff_third_col: [283.09715646752795, 213.24164696418944, 130.59862173851607, 127.81236246936366, 69.85699678629192, 95.4148835350125]

