coord_list: [(664, 1704), (2256, 1716), (3808, 1708), (792, 1628), (2204, 1612), (3588, 1612), (952, 1552), (2212, 1552), (3420, 1536), (1108, 1480), (2196, 1492), (3256, 1492), (1196, 1452), (2208, 1460), (3156, 1448), (1264, 1408), (2184, 1412), (3068, 1404), (1348, 1364), (2156, 1372), (2964, 1384)]

first_row: [(664, 1704), (2256, 1716), (3808, 1708)]

diff_first_row: [1592, 1552]

second_row: [(792, 1628), (2204, 1612), (3588, 1612)]

diff_second_row: [1412, 1384]

third_row: [(952, 1552), (2212, 1552), (3420, 1536)]

diff_third_row: [1260, 1208]

fourth_row: [(1108, 1480), (2196, 1492), (3256, 1492)]

diff_fourth_row: [1088, 1060]

fifth_row: [(1196, 1452), (2208, 1460), (3156, 1448)]

diff_fifth_row: [1012, 948]

sixth_row: [(1264, 1408), (2184, 1412), (3068, 1404)]

diff_sixth_row: [920, 884]

seventh_row: [(1348, 1364), (2156, 1372), (2964, 1384)]

diff_seventh_row: [808, 808]

first_col: [(664, 1704), (792, 1628), (952, 1552), (1108, 1480), (1196, 1452), (1264, 1408), (1348, 1364)]

diff_first_col: [148.86235252742716, 177.13271860387624, 171.81385275931623, 92.34717104492157, 80.99382692526635, 94.82615672903758]

second_col: [(2256, 1716), (2204, 1612), (2212, 1552), (2196, 1492), (2208, 1460), (2184, 1412), (2156, 1372)]

diff_second_col: [116.27553482998907, 60.530983801686226, 62.0966987850401, 34.17601498127012, 53.665631459994955, 48.82622246293481]

third_col: [(3808, 1708), (3588, 1612), (3420, 1536), (3256, 1492), (3156, 1448), (3068, 1404), (2964, 1384)]

diff_third_col: [240.03333101883996, 184.39088914585776, 169.799882214329, 109.2520022699813, 98.38699100999075, 105.90561835898981]

