coord_list: [(264, 1436), (1868, 1468), (3320, 1464), (604, 1352), (1932, 1344), (3228, 1348), (764, 1284), (1920, 1288), (3056, 1284), (884, 1212), (1924, 1244), (2924, 1276), (972, 1192), (1932, 1196), (2812, 1196), (1048, 1152), (1912, 1152), (2744, 1148), (1176, 1116), (1932, 1124), (2680, 1136)]

first_row: [(264, 1436), (1868, 1468), (3320, 1464)]

diff_first_row: [1604, 1452]

second_row: [(604, 1352), (1932, 1344), (3228, 1348)]

diff_second_row: [1328, 1296]

third_row: [(764, 1284), (1920, 1288), (3056, 1284)]

diff_third_row: [1156, 1136]

fourth_row: [(884, 1212), (1924, 1244), (2924, 1276)]

diff_fourth_row: [1040, 1000]

fifth_row: [(972, 1192), (1932, 1196), (2812, 1196)]

diff_fifth_row: [960, 880]

sixth_row: [(1048, 1152), (1912, 1152), (2744, 1148)]

diff_sixth_row: [864, 832]

seventh_row: [(1176, 1116), (1932, 1124), (2680, 1136)]

diff_seventh_row: [756, 748]

first_col: [(264, 1436), (604, 1352), (764, 1284), (884, 1212), (972, 1192), (1048, 1152), (1176, 1116)]

diff_first_col: [350.2227862375605, 173.85051049680584, 139.9428454762872, 90.24411338142782, 85.88364221433555, 132.9661611087573]

second_col: [(1868, 1468), (1932, 1344), (1920, 1288), (1924, 1244), (1932, 1196), (1912, 1152), (1932, 1124)]

diff_second_col: [139.54210834009928, 57.271284253105414, 44.181444068749045, 48.662100242385755, 48.33218389437829, 34.40930106817051]

third_col: [(3320, 1464), (3228, 1348), (3056, 1284), (2924, 1276), (2812, 1196), (2744, 1148), (2680, 1136)]

diff_third_col: [148.05404418657398, 183.52111595127138, 132.24220203853233, 137.63720427268203, 83.23460818673925, 65.11528238439882]

