coord_list: [(584, 1748), (2152, 1760), (3724, 1756), (748, 1660), (2152, 1640), (3548, 1644), (912, 1584), (2160, 1584), (3376, 1564), (1060, 1528), (2140, 1536), (3212, 1532), (1136, 1484), (2152, 1492), (3108, 1480), (1204, 1440), (2128, 1444), (3012, 1436), (1316, 1404), (2124, 1400), (2908, 1412)]

first_row: [(584, 1748), (2152, 1760), (3724, 1756)]

diff_first_row: [1568, 1572]

second_row: [(748, 1660), (2152, 1640), (3548, 1644)]

diff_second_row: [1404, 1396]

third_row: [(912, 1584), (2160, 1584), (3376, 1564)]

diff_third_row: [1248, 1216]

fourth_row: [(1060, 1528), (2140, 1536), (3212, 1532)]

diff_fourth_row: [1080, 1072]

fifth_row: [(1136, 1484), (2152, 1492), (3108, 1480)]

diff_fifth_row: [1016, 956]

sixth_row: [(1204, 1440), (2128, 1444), (3012, 1436)]

diff_sixth_row: [924, 884]

seventh_row: [(1316, 1404), (2124, 1400), (2908, 1412)]

diff_seventh_row: [808, 784]

first_col: [(584, 1748), (748, 1660), (912, 1584), (1060, 1528), (1136, 1484), (1204, 1440), (1316, 1404)]

diff_first_col: [186.11824198610947, 180.75397644312005, 158.24032355881985, 87.8179936004006, 80.99382692526635, 117.64352935882194]

second_col: [(2152, 1760), (2152, 1640), (2160, 1584), (2140, 1536), (2152, 1492), (2128, 1444), (2124, 1400)]

diff_second_col: [120.0, 56.568542494923804, 52.0, 45.60701700396552, 53.665631459994955, 44.181444068749045]

third_col: [(3724, 1756), (3548, 1644), (3376, 1564), (3212, 1532), (3108, 1480), (3012, 1436), (2908, 1412)]

diff_third_col: [208.61447696648477, 189.69449122207, 167.09278859364338, 116.27553482998907, 105.60303025955268, 106.73331251301067]

