coord_list: [(628, 1732), (2204, 1740), (3768, 1740), (808, 1644), (2196, 1636), (3548, 1632), (972, 1572), (2188, 1572), (3384, 1556), (1092, 1508), (2160, 1524), (3216, 1516), (1188, 1472), (2200, 1476), (3116, 1472), (1260, 1428), (2156, 1424), (3028, 1424), (1336, 1396), (2136, 1396), (2928, 1396)]

first_row: [(628, 1732), (2204, 1740), (3768, 1740)]

diff_first_row: [1576, 1564]

second_row: [(808, 1644), (2196, 1636), (3548, 1632)]

diff_second_row: [1388, 1352]

third_row: [(972, 1572), (2188, 1572), (3384, 1556)]

diff_third_row: [1216, 1196]

fourth_row: [(1092, 1508), (2160, 1524), (3216, 1516)]

diff_fourth_row: [1068, 1056]

fifth_row: [(1188, 1472), (2200, 1476), (3116, 1472)]

diff_fifth_row: [1012, 916]

sixth_row: [(1260, 1428), (2156, 1424), (3028, 1424)]

diff_sixth_row: [896, 872]

seventh_row: [(1336, 1396), (2136, 1396), (2928, 1396)]

diff_seventh_row: [800, 792]

first_col: [(628, 1732), (808, 1644), (972, 1572), (1092, 1508), (1188, 1472), (1260, 1428), (1336, 1396)]

diff_first_col: [200.3596765818911, 179.10890541790488, 136.0, 102.52804494381037, 84.38009243891595, 82.46211251235322]

second_col: [(2204, 1740), (2196, 1636), (2188, 1572), (2160, 1524), (2200, 1476), (2156, 1424), (2136, 1396)]

diff_second_col: [104.30723848324239, 64.4980619863884, 55.569775957799216, 62.48199740725323, 68.11754546370561, 34.40930106817051]

third_col: [(3768, 1740), (3548, 1632), (3384, 1556), (3216, 1516), (3116, 1472), (3028, 1424), (2928, 1396)]

diff_third_col: [245.07957891264624, 180.75397644312005, 172.69626515938322, 109.2520022699813, 100.23971268913334, 103.84603988597736]

