coord_list: [(488, 1752), (2040, 1780), (3640, 1784), (708, 1648), (2088, 1636), (3460, 1640), (888, 1580), (2092, 1584), (3288, 1572), (1012, 1540), (2064, 1560), (3136, 1556), (1100, 1484), (2096, 1480), (3032, 1476), (1172, 1432), (2076, 1440), (2932, 1440), (1276, 1420), (2072, 1412), (2868, 1432)]

first_row: [(488, 1752), (2040, 1780), (3640, 1784)]

diff_first_row: [1552, 1600]

second_row: [(708, 1648), (2088, 1636), (3460, 1640)]

diff_second_row: [1380, 1372]

third_row: [(888, 1580), (2092, 1584), (3288, 1572)]

diff_third_row: [1204, 1196]

fourth_row: [(1012, 1540), (2064, 1560), (3136, 1556)]

diff_fourth_row: [1052, 1072]

fifth_row: [(1100, 1484), (2096, 1480), (3032, 1476)]

diff_fifth_row: [996, 936]

sixth_row: [(1172, 1432), (2076, 1440), (2932, 1440)]

diff_sixth_row: [904, 856]

seventh_row: [(1276, 1420), (2072, 1412), (2868, 1432)]

diff_seventh_row: [796, 796]

first_col: [(488, 1752), (708, 1648), (888, 1580), (1012, 1540), (1100, 1484), (1172, 1432), (1276, 1420)]

diff_first_col: [243.34337878808208, 192.4162155328911, 130.29197979921864, 104.30723848324239, 88.81441324469807, 104.6900186264192]

second_col: [(2040, 1780), (2088, 1636), (2092, 1584), (2064, 1560), (2096, 1480), (2076, 1440), (2072, 1412)]

diff_second_col: [151.7893276880822, 52.15361924162119, 36.87817782917155, 86.16263691415206, 44.721359549995796, 28.284271247461902]

third_col: [(3640, 1784), (3460, 1640), (3288, 1572), (3136, 1556), (3032, 1476), (2932, 1440), (2868, 1432)]

diff_third_col: [230.51247254758255, 184.95404834715026, 152.8397853963424, 131.20975573485381, 106.28264204469139, 64.4980619863884]

