coord_list: [(412, 1592), (2076, 1596), (3576, 1512), (700, 1520), (2068, 1520), (3476, 1484), (872, 1440), (2064, 1424), (3272, 1400), (1028, 1376), (2064, 1356), (3152, 1316), (1092, 1336), (2068, 1312), (3048, 1300), (1164, 1292), (2068, 1272), (2984, 1252), (1268, 1260), (2056, 1232), (2908, 1220)]

first_row: [(412, 1592), (2076, 1596), (3576, 1512)]

diff_first_row: [1664, 1500]

second_row: [(700, 1520), (2068, 1520), (3476, 1484)]

diff_second_row: [1368, 1408]

third_row: [(872, 1440), (2064, 1424), (3272, 1400)]

diff_third_row: [1192, 1208]

fourth_row: [(1028, 1376), (2064, 1356), (3152, 1316)]

diff_fourth_row: [1036, 1088]

fifth_row: [(1092, 1336), (2068, 1312), (3048, 1300)]

diff_fifth_row: [976, 980]

sixth_row: [(1164, 1292), (2068, 1272), (2984, 1252)]

diff_sixth_row: [904, 916]

seventh_row: [(1268, 1260), (2056, 1232), (2908, 1220)]

diff_seventh_row: [788, 852]

first_col: [(412, 1592), (700, 1520), (872, 1440), (1028, 1376), (1092, 1336), (1164, 1292), (1268, 1260)]

diff_first_col: [296.86360504447157, 189.69449122207, 168.61791126686393, 75.47184905645283, 84.38009243891595, 108.81176406988355]

second_col: [(2076, 1596), (2068, 1520), (2064, 1424), (2064, 1356), (2068, 1312), (2068, 1272), (2056, 1232)]

diff_second_col: [76.4198926981712, 96.08329719571451, 68.0, 44.181444068749045, 40.0, 41.7612260356422]

third_col: [(3576, 1512), (3476, 1484), (3272, 1400), (3152, 1316), (3048, 1300), (2984, 1252), (2908, 1220)]

diff_third_col: [103.84603988597736, 220.61731573020282, 146.47866738880444, 105.22357150372724, 80.0, 82.46211251235322]

