coord_list: [(448, 1552), (2072, 1600), (3744, 1616), (588, 1500), (2028, 1496), (3412, 1500), (768, 1436), (2012, 1432), (3280, 1432), (892, 1344), (2048, 1368), (3096, 1384), (992, 1328), (2036, 1324), (2980, 1328), (1068, 1288), (2008, 1304), (2884, 1284), (1112, 1232), (1996, 1256), (2736, 1252)]

first_row: [(448, 1552), (2072, 1600), (3744, 1616)]

diff_first_row: [1624, 1672]

second_row: [(588, 1500), (2028, 1496), (3412, 1500)]

diff_second_row: [1440, 1384]

third_row: [(768, 1436), (2012, 1432), (3280, 1432)]

diff_third_row: [1244, 1268]

fourth_row: [(892, 1344), (2048, 1368), (3096, 1384)]

diff_fourth_row: [1156, 1048]

fifth_row: [(992, 1328), (2036, 1324), (2980, 1328)]

diff_fifth_row: [1044, 944]

sixth_row: [(1068, 1288), (2008, 1304), (2884, 1284)]

diff_sixth_row: [940, 876]

seventh_row: [(1112, 1232), (1996, 1256), (2736, 1252)]

diff_seventh_row: [884, 740]

first_col: [(448, 1552), (588, 1500), (768, 1436), (892, 1344), (992, 1328), (1068, 1288), (1112, 1232)]

diff_first_col: [149.34523762075577, 191.03926298015284, 154.40207252495026, 101.27191120937731, 85.88364221433555, 71.21797525905943]

second_col: [(2072, 1600), (2028, 1496), (2012, 1432), (2048, 1368), (2036, 1324), (2008, 1304), (1996, 1256)]

diff_second_col: [112.92475370794483, 65.96969000988257, 73.43023900274328, 45.60701700396552, 34.40930106817051, 49.47726750741192]

third_col: [(3744, 1616), (3412, 1500), (3280, 1432), (3096, 1384), (2980, 1328), (2884, 1284), (2736, 1252)]

diff_third_col: [351.68167424533226, 148.48568954616468, 190.1578291840754, 128.80993750483694, 105.60303025955268, 151.4199458459816]

