coord_list: [(780, 1576), (2256, 1564), (3656, 1524), (904, 1508), (2196, 1496), (3504, 1476), (1044, 1432), (2192, 1416), (3316, 1392), (1104, 1388), (2192, 1364), (3128, 1320), (1260, 1328), (2172, 1312), (3088, 1292), (1312, 1288), (2168, 1272), (3036, 1252), (1352, 1272), (2144, 1248), (2916, 1216)]

first_row: [(780, 1576), (2256, 1564), (3656, 1524)]

diff_first_row: [1476, 1400]

second_row: [(904, 1508), (2196, 1496), (3504, 1476)]

diff_second_row: [1292, 1308]

third_row: [(1044, 1432), (2192, 1416), (3316, 1392)]

diff_third_row: [1148, 1124]

fourth_row: [(1104, 1388), (2192, 1364), (3128, 1320)]

diff_fourth_row: [1088, 936]

fifth_row: [(1260, 1328), (2172, 1312), (3088, 1292)]

diff_fifth_row: [912, 916]

sixth_row: [(1312, 1288), (2168, 1272), (3036, 1252)]

diff_sixth_row: [856, 868]

seventh_row: [(1352, 1272), (2144, 1248), (2916, 1216)]

diff_seventh_row: [792, 772]

first_col: [(780, 1576), (904, 1508), (1044, 1432), (1104, 1388), (1260, 1328), (1312, 1288), (1352, 1272)]

diff_first_col: [141.4213562373095, 159.29846201391902, 74.4043009509531, 167.14065932620943, 65.60487786742691, 43.08131845707603]

second_col: [(2256, 1564), (2196, 1496), (2192, 1416), (2192, 1364), (2172, 1312), (2168, 1272), (2144, 1248)]

diff_second_col: [90.68627239003708, 80.09993757800315, 52.0, 55.71355310873648, 40.19950248448356, 33.94112549695428]

third_col: [(3656, 1524), (3504, 1476), (3316, 1392), (3128, 1320), (3088, 1292), (3036, 1252), (2916, 1216)]

diff_third_col: [159.3988707613702, 205.91260281974002, 201.3156725145859, 48.82622246293481, 65.60487786742691, 125.2836781069266]

