coord_list: [(764, 1580), (2240, 1572), (3648, 1532), (892, 1508), (2192, 1496), (3540, 1476), (1040, 1436), (2188, 1420), (3332, 1396), (1100, 1396), (2184, 1368), (3120, 1336), (1248, 1332), (2176, 1304), (3084, 1284), (1316, 1288), (2152, 1276), (2996, 1248), (1340, 1276), (2152, 1256), (2916, 1220)]

first_row: [(764, 1580), (2240, 1572), (3648, 1532)]

diff_first_row: [1476, 1408]

second_row: [(892, 1508), (2192, 1496), (3540, 1476)]

diff_second_row: [1300, 1348]

third_row: [(1040, 1436), (2188, 1420), (3332, 1396)]

diff_third_row: [1148, 1144]

fourth_row: [(1100, 1396), (2184, 1368), (3120, 1336)]

diff_fourth_row: [1084, 936]

fifth_row: [(1248, 1332), (2176, 1304), (3084, 1284)]

diff_fifth_row: [928, 908]

sixth_row: [(1316, 1288), (2152, 1276), (2996, 1248)]

diff_sixth_row: [836, 844]

seventh_row: [(1340, 1276), (2152, 1256), (2916, 1220)]

diff_seventh_row: [812, 764]

first_col: [(764, 1580), (892, 1508), (1040, 1436), (1100, 1396), (1248, 1332), (1316, 1288), (1340, 1276)]

diff_first_col: [146.86047800548656, 164.58432489152787, 72.11102550927978, 161.24515496597098, 80.99382692526635, 26.832815729997478]

second_col: [(2240, 1572), (2192, 1496), (2188, 1420), (2184, 1368), (2176, 1304), (2152, 1276), (2152, 1256)]

diff_second_col: [89.88882021697692, 76.10519036176179, 52.15361924162119, 64.4980619863884, 36.87817782917155, 20.0]

third_col: [(3648, 1532), (3540, 1476), (3332, 1396), (3120, 1336), (3084, 1284), (2996, 1248), (2916, 1220)]

diff_third_col: [121.6552506059644, 222.8542124349459, 220.32702966272657, 63.245553203367585, 95.0789145920377, 84.75848040166836]

