coord_list: [(504, 1852), (2184, 1840), (3776, 1820), (824, 1768), (2184, 1748), (3628, 1756), (984, 1692), (2184, 1684), (3416, 1684), (1096, 1624), (2188, 1616), (3304, 1604), (1192, 1592), (2188, 1564), (3232, 1580), (1308, 1548), (2188, 1528), (3124, 1532), (1416, 1500), (2188, 1508), (3104, 1488)]

first_row: [(504, 1852), (2184, 1840), (3776, 1820)]

diff_first_row: [1680, 1592]

second_row: [(824, 1768), (2184, 1748), (3628, 1756)]

diff_second_row: [1360, 1444]

third_row: [(984, 1692), (2184, 1684), (3416, 1684)]

diff_third_row: [1200, 1232]

fourth_row: [(1096, 1624), (2188, 1616), (3304, 1604)]

diff_fourth_row: [1092, 1116]

fifth_row: [(1192, 1592), (2188, 1564), (3232, 1580)]

diff_fifth_row: [996, 1044]

sixth_row: [(1308, 1548), (2188, 1528), (3124, 1532)]

diff_sixth_row: [880, 936]

seventh_row: [(1416, 1500), (2188, 1508), (3104, 1488)]

diff_seventh_row: [772, 916]

first_col: [(504, 1852), (824, 1768), (984, 1692), (1096, 1624), (1192, 1592), (1308, 1548), (1416, 1500)]

diff_first_col: [330.84135170803546, 177.13271860387624, 131.0267148332736, 101.19288512538814, 124.06449935416659, 118.18629362155326]

second_col: [(2184, 1840), (2184, 1748), (2184, 1684), (2188, 1616), (2188, 1564), (2188, 1528), (2188, 1508)]

diff_second_col: [92.0, 64.0, 68.11754546370561, 52.0, 36.0, 20.0]

third_col: [(3776, 1820), (3628, 1756), (3416, 1684), (3304, 1604), (3232, 1580), (3124, 1532), (3104, 1488)]

diff_third_col: [161.24515496597098, 223.89283150650448, 137.63720427268203, 75.8946638440411, 118.18629362155326, 48.33218389437829]

