coord_list: [(548, 1840), (2220, 1836), (3800, 1804), (820, 1736), (2248, 1720), (3636, 1732), (984, 1668), (2236, 1660), (3480, 1656), (1116, 1612), (2212, 1608), (3328, 1588), (1200, 1552), (2220, 1556), (3224, 1568), (1300, 1516), (2220, 1520), (3140, 1512), (1436, 1492), (2200, 1492), (3108, 1476)]

first_row: [(548, 1840), (2220, 1836), (3800, 1804)]

diff_first_row: [1672, 1580]

second_row: [(820, 1736), (2248, 1720), (3636, 1732)]

diff_second_row: [1428, 1388]

third_row: [(984, 1668), (2236, 1660), (3480, 1656)]

diff_third_row: [1252, 1244]

fourth_row: [(1116, 1612), (2212, 1608), (3328, 1588)]

diff_fourth_row: [1096, 1116]

fifth_row: [(1200, 1552), (2220, 1556), (3224, 1568)]

diff_fifth_row: [1020, 1004]

sixth_row: [(1300, 1516), (2220, 1520), (3140, 1512)]

diff_sixth_row: [920, 920]

seventh_row: [(1436, 1492), (2200, 1492), (3108, 1476)]

diff_seventh_row: [764, 908]

first_col: [(548, 1840), (820, 1736), (984, 1668), (1116, 1612), (1200, 1552), (1300, 1516), (1436, 1492)]

diff_first_col: [291.20439557122074, 177.53872816937718, 143.38758663147937, 103.22790320451152, 106.28264204469139, 138.10141201305655]

second_col: [(2220, 1836), (2248, 1720), (2236, 1660), (2212, 1608), (2220, 1556), (2220, 1520), (2200, 1492)]

diff_second_col: [119.33147112141039, 61.18823416311342, 57.271284253105414, 52.61178575186362, 36.0, 34.40930106817051]

third_col: [(3800, 1804), (3636, 1732), (3480, 1656), (3328, 1588), (3224, 1568), (3140, 1512), (3108, 1476)]

diff_third_col: [179.10890541790488, 173.5280957078709, 166.5172663719892, 105.90561835898981, 100.9554357129917, 48.16637831516918]

