coord_list: [(440, 1584), (2088, 1584), (3588, 1504), (732, 1512), (2076, 1504), (3468, 1476), (904, 1432), (2084, 1416), (3268, 1392), (1040, 1368), (2076, 1340), (3156, 1300), (1128, 1320), (2088, 1304), (3056, 1284), (1196, 1284), (2080, 1264), (2980, 1252), (1276, 1248), (2064, 1220), (2912, 1212)]

first_row: [(440, 1584), (2088, 1584), (3588, 1504)]

diff_first_row: [1648, 1500]

second_row: [(732, 1512), (2076, 1504), (3468, 1476)]

diff_second_row: [1344, 1392]

third_row: [(904, 1432), (2084, 1416), (3268, 1392)]

diff_third_row: [1180, 1184]

fourth_row: [(1040, 1368), (2076, 1340), (3156, 1300)]

diff_fourth_row: [1036, 1080]

fifth_row: [(1128, 1320), (2088, 1304), (3056, 1284)]

diff_fifth_row: [960, 968]

sixth_row: [(1196, 1284), (2080, 1264), (2980, 1252)]

diff_sixth_row: [884, 900]

seventh_row: [(1276, 1248), (2064, 1220), (2912, 1212)]

diff_seventh_row: [788, 848]

first_col: [(440, 1584), (732, 1512), (904, 1432), (1040, 1368), (1128, 1320), (1196, 1284), (1276, 1248)]

diff_first_col: [300.74573978695025, 189.69449122207, 150.30635382444748, 100.23971268913334, 76.94153624668537, 87.72684879784524]

second_col: [(2088, 1584), (2076, 1504), (2084, 1416), (2076, 1340), (2088, 1304), (2080, 1264), (2064, 1220)]

diff_second_col: [80.89499366462674, 88.36288813749809, 76.4198926981712, 37.94733192202055, 40.792156108742276, 46.8187996428785]

third_col: [(3588, 1504), (3468, 1476), (3268, 1392), (3156, 1300), (3056, 1284), (2980, 1252), (2912, 1212)]

diff_third_col: [123.2233744059949, 216.92394980729998, 144.9413674559475, 101.27191120937731, 82.46211251235322, 78.89233169326408]

