coord_list: [(688, 1592), (2340, 1588), (3852, 1504), (952, 1508), (2280, 1500), (3696, 1456), (1100, 1432), (2284, 1424), (3488, 1392), (1244, 1376), (2276, 1344), (3356, 1308), (1332, 1328), (2276, 1300), (3244, 1296), (1388, 1296), (2268, 1264), (3168, 1252), (1448, 1256), (2232, 1228), (3088, 1220)]

first_row: [(688, 1592), (2340, 1588), (3852, 1504)]

diff_first_row: [1652, 1512]

second_row: [(952, 1508), (2280, 1500), (3696, 1456)]

diff_second_row: [1328, 1416]

third_row: [(1100, 1432), (2284, 1424), (3488, 1392)]

diff_third_row: [1184, 1204]

fourth_row: [(1244, 1376), (2276, 1344), (3356, 1308)]

diff_fourth_row: [1032, 1080]

fifth_row: [(1332, 1328), (2276, 1300), (3244, 1296)]

diff_fifth_row: [944, 968]

sixth_row: [(1388, 1296), (2268, 1264), (3168, 1252)]

diff_sixth_row: [880, 900]

seventh_row: [(1448, 1256), (2232, 1228), (3088, 1220)]

diff_seventh_row: [784, 856]

first_col: [(688, 1592), (952, 1508), (1100, 1432), (1244, 1376), (1332, 1328), (1388, 1296), (1448, 1256)]

diff_first_col: [277.04151313476467, 166.37307474468338, 154.50566332662373, 100.23971268913334, 64.4980619863884, 72.11102550927978]

second_col: [(2340, 1588), (2280, 1500), (2284, 1424), (2276, 1344), (2276, 1300), (2268, 1264), (2232, 1228)]

diff_second_col: [106.50821564555478, 76.10519036176179, 80.39900496896712, 44.0, 36.87817782917155, 50.91168824543142]

third_col: [(3852, 1504), (3696, 1456), (3488, 1392), (3356, 1308), (3244, 1296), (3168, 1252), (3088, 1220)]

diff_third_col: [163.21764610482532, 217.6235281397671, 156.46085772486356, 112.64102272262978, 87.8179936004006, 86.16263691415206]

