coord_list: [(596, 1688), (2180, 1704), (3748, 1700), (732, 1608), (2160, 1600), (3536, 1596), (896, 1536), (2160, 1540), (3384, 1528), (1076, 1468), (2152, 1480), (3216, 1484), (1120, 1432), (2168, 1444), (3108, 1432), (1204, 1396), (2136, 1400), (3028, 1392), (1332, 1356), (2128, 1360), (2948, 1380)]

first_row: [(596, 1688), (2180, 1704), (3748, 1700)]

diff_first_row: [1584, 1568]

second_row: [(732, 1608), (2160, 1600), (3536, 1596)]

diff_second_row: [1428, 1376]

third_row: [(896, 1536), (2160, 1540), (3384, 1528)]

diff_third_row: [1264, 1224]

fourth_row: [(1076, 1468), (2152, 1480), (3216, 1484)]

diff_fourth_row: [1076, 1064]

fifth_row: [(1120, 1432), (2168, 1444), (3108, 1432)]

diff_fifth_row: [1048, 940]

sixth_row: [(1204, 1396), (2136, 1400), (3028, 1392)]

diff_sixth_row: [932, 892]

seventh_row: [(1332, 1356), (2128, 1360), (2948, 1380)]

diff_seventh_row: [796, 820]

first_col: [(596, 1688), (732, 1608), (896, 1536), (1076, 1468), (1120, 1432), (1204, 1396), (1332, 1356)]

diff_first_col: [157.78466338652817, 179.10890541790488, 192.4162155328911, 56.85068161420758, 91.3892772703669, 134.1044369139217]

second_col: [(2180, 1704), (2160, 1600), (2160, 1540), (2152, 1480), (2168, 1444), (2136, 1400), (2128, 1360)]

diff_second_col: [105.90561835898981, 60.0, 60.530983801686226, 39.395431207184416, 54.405882034941776, 40.792156108742276]

third_col: [(3748, 1700), (3536, 1596), (3384, 1528), (3216, 1484), (3108, 1432), (3028, 1392), (2948, 1380)]

diff_third_col: [236.13555429032706, 166.5172663719892, 173.6663467687393, 119.86659251017358, 89.44271909999159, 80.89499366462674]

