coord_list: [(552, 1680), (2140, 1700), (3708, 1700), (748, 1608), (2144, 1596), (3516, 1604), (904, 1536), (2136, 1532), (3348, 1524), (1048, 1456), (2128, 1476), (3192, 1480), (1140, 1440), (2144, 1448), (3092, 1436), (1208, 1396), (2120, 1400), (2992, 1392), (1312, 1348), (2116, 1352), (2924, 1364)]

first_row: [(552, 1680), (2140, 1700), (3708, 1700)]

diff_first_row: [1588, 1568]

second_row: [(748, 1608), (2144, 1596), (3516, 1604)]

diff_second_row: [1396, 1372]

third_row: [(904, 1536), (2136, 1532), (3348, 1524)]

diff_third_row: [1232, 1212]

fourth_row: [(1048, 1456), (2128, 1476), (3192, 1480)]

diff_fourth_row: [1080, 1064]

fifth_row: [(1140, 1440), (2144, 1448), (3092, 1436)]

diff_fifth_row: [1004, 948]

sixth_row: [(1208, 1396), (2120, 1400), (2992, 1392)]

diff_sixth_row: [912, 872]

seventh_row: [(1312, 1348), (2116, 1352), (2924, 1364)]

diff_seventh_row: [804, 808]

first_col: [(552, 1680), (748, 1608), (904, 1536), (1048, 1456), (1140, 1440), (1208, 1396), (1312, 1348)]

diff_first_col: [208.806130178211, 171.81385275931623, 164.730082255792, 93.38094023943002, 80.99382692526635, 114.54256850621083]

second_col: [(2140, 1700), (2144, 1596), (2136, 1532), (2128, 1476), (2144, 1448), (2120, 1400), (2116, 1352)]

diff_second_col: [104.0768946500615, 64.4980619863884, 56.568542494923804, 32.2490309931942, 53.665631459994955, 48.16637831516918]

third_col: [(3708, 1700), (3516, 1604), (3348, 1524), (3192, 1480), (3092, 1436), (2992, 1392), (2924, 1364)]

diff_third_col: [214.66252583997982, 186.07525359380813, 162.0863967148385, 109.2520022699813, 109.2520022699813, 73.53910524340094]

