coord_list: [(572, 1844), (2260, 1832), (3832, 1800), (832, 1724), (2244, 1716), (3652, 1732), (1000, 1660), (2240, 1652), (3504, 1644), (1112, 1608), (2228, 1604), (3348, 1584), (1216, 1548), (2236, 1552), (3216, 1548), (1296, 1508), (2224, 1516), (3144, 1508), (1432, 1484), (2208, 1488), (3128, 1484)]

first_row: [(572, 1844), (2260, 1832), (3832, 1800)]

diff_first_row: [1688, 1572]

second_row: [(832, 1724), (2244, 1716), (3652, 1732)]

diff_second_row: [1412, 1408]

third_row: [(1000, 1660), (2240, 1652), (3504, 1644)]

diff_third_row: [1240, 1264]

fourth_row: [(1112, 1608), (2228, 1604), (3348, 1584)]

diff_fourth_row: [1116, 1120]

fifth_row: [(1216, 1548), (2236, 1552), (3216, 1548)]

diff_fifth_row: [1020, 980]

sixth_row: [(1296, 1508), (2224, 1516), (3144, 1508)]

diff_sixth_row: [928, 920]

seventh_row: [(1432, 1484), (2208, 1488), (3128, 1484)]

diff_seventh_row: [776, 920]

first_col: [(572, 1844), (832, 1724), (1000, 1660), (1112, 1608), (1216, 1548), (1296, 1508), (1432, 1484)]

diff_first_col: [286.35642126552705, 179.77764043395385, 123.48279232346505, 120.06664815842908, 89.44271909999159, 138.10141201305655]

second_col: [(2260, 1832), (2244, 1716), (2240, 1652), (2228, 1604), (2236, 1552), (2224, 1516), (2208, 1488)]

diff_second_col: [117.09824934643558, 64.1248781675256, 49.47726750741192, 52.61178575186362, 37.94733192202055, 32.2490309931942]

third_col: [(3832, 1800), (3652, 1732), (3504, 1644), (3348, 1584), (3216, 1548), (3144, 1508), (3128, 1484)]

diff_third_col: [192.4162155328911, 172.18594600024707, 167.14065932620943, 136.82105101189657, 82.365041127896, 28.844410203711913]

